5000 Adrian 5.875 8 5 1 10 5 9 9 3 5
5100 Bogdan 3.83333 6 2 8 2 2 6 3
5200 Maria 3.14286 7 2 5 3 4 3 3 2
5300 Alex 7 9 6 8 7 2 9 10 3 8 10
5400 Madalina 3.4 5 4 2 3 4 4
5500 Anastasia 3 2 2 4
5600 Vlad 6.25 8 5 3 8 8 10 4 2 10
5700 Vlad 4.28571 7 6 1 3 9 7 1 3
5800 Matei 4.33333 9 7 6 1 10 1 1 7 2 4
5900 Adrian 5.2 10 4 5 5 7 1 7 7 2 9 5
6000 Stefan 6.42857 7 4 8 9 9 3 10 2
6100 Gabi 6.66667 6 10 9 5 1 8 7
6200 Alex 5 7 2 6 5 3 1 10 8
6300 Dan 5 8 3 7 1 2 7 6 8 6
6400 Cristina 2 2 3 1
6500 Lucia 6 2 5 7
6600 Matei 6 8 2 8 8 8 8 4 4 6
6700 Alex 5.2 10 9 2 9 3 7 7 1 4 9 1
6800 Adrian 5.66667 3 6 1 10
6900 Renata 4.25 8 9 4 6 2 3 1 2 7
7000 Rares 7 1 7
7100 Maria 7 9 10 9 5 2 5 4 10 9 9
7200 Dan 5.88889 9 8 8 9 4 9 4 8 2 1
7300 Anastasia 7 4 5 10 7 6
7400 Iulia 10 1 10
7500 Cristina 7.42857 7 9 4 5 9 5 10 10
7600 Alex 5.16667 6 6 4 4 4 8 5
7700 Silvia 6.33333 9 1 9 9 1 7 9 2 10 9
7800 Lucia 5.75 8 3 3 9 3 9 10 1 8
7900 Adrian 7.5 2 6 9
8000 Madalina 4 2 3 5
8100 Claudia 6 6 9 7 3 7 6 4
8200 Matei 4.66667 3 5 7 2
8300 Stefan 4.66667 3 2 2 10
8400 Rares 4 7 3 10 6 3 1 1 4
8500 Luca 5.5 2 9 2
8600 Gabi 5.16667 6 4 3 6 3 6 9
8700 Luca 6 8 8 3 3 10 5 2 10 7
8800 Maria 4.66667 9 3 6 6 5 10 2 3 6 1
8900 Madalina 7.75 4 10 4 10 7
9000 Cristina 7.3 10 10 8 7 10 4 6 8 7 7 6
9100 Anastasia 5.33333 3 6 5 5
9200 Madalina 4.71429 7 2 7 4 4 6 6 4
9300 Renata 4.77778 9 3 6 4 7 2 9 7 3 2
9400 Matei 4.71429 7 3 10 2 6 1 4 7
9500 Silvia 5.5 10 3 10 4 5 5 1 6 10 7 4
9600 Vlad 8.66667 3 9 9 8
9700 Bogdan 4.88889 9 2 3 6 8 5 5 5 5 5
9800 Dan 5.6 10 4 1 8 8 9 8 4 1 4 9
9900 Bogdan 4.83333 6 3 1 4 8 3 10
4900 Bogdan 3.33333 6 4 5 4 3 2 2
4800 Matei 5.33333 3 6 4 6
4700 Silvia 4.33333 3 3 3 7
4600 Anastasia 8 1 8
4500 Anastasia 3.25 4 5 1 1 6
4400 Alex 4 2 1 7
4300 Alex 4.66667 6 1 1 5 6 5 10
4200 Madalina 5.57143 7 5 9 3 2 7 9 4
4100 Lucia 5.6 5 9 5 10 3 1
4000 Andrei 7 1 7
3900 Vlad 6.25 8 1 6 7 8 4 9 5 10
3800 Matei 7.28571 7 6 8 8 5 6 8 10
3700 Rares 2.75 4 1 3 3 4
3600 Alex 3.875 8 2 6 6 5 1 3 7 1
3500 Gabriela 2 2 2 2
3400 Silvia 4 4 1 1 5 9
3300 Matei 2 1 2
3200 Bogdan 6.5 10 1 4 9 9 6 8 8 1 9 10
3100 Bogdan 8 1 8
3000 Bogdan 4.75 8 9 4 8 2 1 1 9 4
2900 Iulia 4 6 1 2 5 6 7 3
2800 Cristina 6.75 4 6 7 7 7
2700 Dan 5.71429 7 8 8 2 10 2 7 3
2600 Matei 7 3 8 7 6
2500 Claudia 9 4 10 10 6 10
2400 Matei 4.42857 7 6 4 3 5 5 5 3
2300 Lucia 5.9 10 3 4 8 4 2 6 8 9 6 9
2200 Maria 3 3 5 2 2
2100 Stefan 5.1 10 6 2 1 7 5 6 4 1 9 10
2000 Iulia 6.25 4 5 8 5 7
1900 Gabriela 3.85714 7 6 3 9 2 1 4 2
1800 Luca 5 6 3 3 2 8 5 9
1700 Renata 4 4 7 4 1 4
1600 Bogdan 6 3 9 1 8
1500 Vlad 6 3 6 10 2
1400 Andrei 4.77778 9 6 1 8 10 1 6 4 5 2
1300 Matei 6.8 5 9 6 10 3 6
1200 Vlad 7 2 4 10
1100 Gabi 6.44444 9 3 8 10 7 2 8 8 2 10
1000 Cristina 5.25 4 5 2 8 6
900 Luca 3.25 4 3 5 2 3
800 Renata 9 1 9
700 Cristina 6.2 5 6 7 9 1 8
600 Dan 4.2 5 4 2 4 7 4
500 Vlad 5.5 2 10 1
400 Alex 5.33333 3 10 4 2
300 Alex 5.55556 9 3 1 6 6 10 4 3 9 8
200 Maria 5.77778 9 2 5 4 6 6 3 7 9 10
100 Lucia 5.5 10 6 10 5 6 1 6 9 9 1 2
0 Stefan 4.66667 3 3 3 8